# Camera list with one line of data per camera:
#   CAMERA_ID, MODEL, WIDTH, HEIGHT, PARAMS[]
# Number of cameras: 263
1 SIMPLE_RADIAL 1332 876 1032.4488932575896 666 438 0.00049807434833527386
2 SIMPLE_RADIAL 1332 876 1032.1770188852104 666 438 -0.000602296701042302
3 SIMPLE_RADIAL 1332 876 1032.673075373393 666 438 -0.0011786412065753003
4 SIMPLE_RADIAL 1332 876 1022.3413152234031 666 438 -0.0042457907920003162
5 SIMPLE_RADIAL 1332 876 1030.1643713059852 666 438 0.00063079639887611669
6 SIMPLE_RADIAL 1332 876 1031.1230565715189 666 438 -0.0018264200202056601
7 SIMPLE_RADIAL 1332 876 1030.9509802765128 666 438 -0.0017848581117581215
8 SIMPLE_RADIAL 1332 876 1035.4978124576503 666 438 -0.0033763277204864771
9 SIMPLE_RADIAL 1332 876 1026.8647260013213 666 438 -0.00771352220501886
10 SIMPLE_RADIAL 1332 876 1030.7381879153647 666 438 0.001009222009418804
11 SIMPLE_RADIAL 1332 876 1025.7313875486536 666 438 -0.00047898574887207532
12 SIMPLE_RADIAL 1332 876 1026.3210157224535 666 438 0.002443313133942832
13 SIMPLE_RADIAL 1332 876 1035.6333064302714 666 438 0.0099799300172036306
14 SIMPLE_RADIAL 1332 876 1029.8381982281367 666 438 0.00060350402068023014
15 SIMPLE_RADIAL 1332 876 1030.9127487821693 666 438 0.0010689450765037161
16 SIMPLE_RADIAL 1332 876 1024.7527706934952 666 438 -0.0080315733982185989
17 SIMPLE_RADIAL 1332 876 1029.2389547819412 666 438 -0.0024563662537746343
18 SIMPLE_RADIAL 1332 876 1029.7680789389967 666 438 -0.0024162050225665353
19 SIMPLE_RADIAL 1332 876 1028.5004497611478 666 438 0.0017305601069941496
20 SIMPLE_RADIAL 1332 876 1036.4416215367316 666 438 0.0021003008742199987
21 SIMPLE_RADIAL 1332 876 1016.1260044638589 666 438 -0.018310226383633294
22 SIMPLE_RADIAL 1332 876 1030.1039509709535 666 438 -0.002201077850217897
23 SIMPLE_RADIAL 1332 876 1030.8237457506671 666 438 -0.0026423507534614351
24 SIMPLE_RADIAL 1332 876 1029.5325573768066 666 438 -0.0037086888280777682
25 SIMPLE_RADIAL 1332 876 1027.8062377982781 666 438 -0.001292815437375084
26 SIMPLE_RADIAL 1332 876 1033.1523396496948 666 438 0.0036551813844665718
27 SIMPLE_RADIAL 1332 876 1031.3572965254154 666 438 -0.0026428397786706342
28 SIMPLE_RADIAL 1332 876 1048.1824344236722 666 438 0.012248574697551536
29 SIMPLE_RADIAL 1332 876 1027.4510368549181 666 438 -0.0040724781920331464
30 SIMPLE_RADIAL 1332 876 1004.0008336104077 666 438 0.00044358879752109303
31 SIMPLE_RADIAL 1332 876 1034.0483994343867 666 438 -0.0021926696665995182
32 SIMPLE_RADIAL 1332 876 1032.0330021459777 666 438 4.8699781600250073e-05
33 SIMPLE_RADIAL 1332 876 1030.9016882835174 666 438 0.0029353379987754496
34 SIMPLE_RADIAL 1332 876 1024.2943228354347 666 438 -0.0066570575142389232
35 SIMPLE_RADIAL 1332 876 1025.3767067025744 666 438 -0.0028966641276829352
36 SIMPLE_RADIAL 1332 876 1034.5679175541718 666 438 -8.529304391099563e-06
37 SIMPLE_RADIAL 1332 876 1027.9325737392194 666 438 -0.0014831823583933527
38 SIMPLE_RADIAL 1332 876 1027.0007308169245 666 438 -0.0011992872272076486
39 SIMPLE_RADIAL 1332 876 1026.9488972778529 666 438 -0.0019019860248684895
40 SIMPLE_RADIAL 1332 876 1023.0799736341801 666 438 -0.0071207969844158036
41 SIMPLE_RADIAL 1332 876 1031.2546793697952 666 438 -0.0018887511711903266
42 SIMPLE_RADIAL 1332 876 1026.3510273207166 666 438 -0.00095236531249972504
43 SIMPLE_RADIAL 1332 876 1029.6162514514749 666 438 0.00077252272912973867
44 SIMPLE_RADIAL 1332 876 1031.2372522861883 666 438 0.0026634825402503449
45 SIMPLE_RADIAL 1332 876 1033.2431624360504 666 438 0.0033021106056724146
46 SIMPLE_RADIAL 1332 876 1034.3072421893305 666 438 0.002057135730824874
47 SIMPLE_RADIAL 1332 876 1025.7210665229893 666 438 -0.0027156110949597681
48 SIMPLE_RADIAL 1332 876 1028.6841421810429 666 438 -0.0029595969757367914
49 SIMPLE_RADIAL 1332 876 1031.1228547359501 666 438 -0.0019848466710467288
50 SIMPLE_RADIAL 1332 876 1032.9732991640983 666 438 0.0028444393960605501
51 SIMPLE_RADIAL 1332 876 1026.1066637399742 666 438 -0.0061595674085697955
52 SIMPLE_RADIAL 1332 876 1030.6862441792771 666 438 -0.0010612723056861349
53 SIMPLE_RADIAL 1332 876 1030.9364146111834 666 438 -0.00069197812401009158
54 SIMPLE_RADIAL 1332 876 1031.6278811676927 666 438 0.0027451306243778417
55 SIMPLE_RADIAL 1332 876 1027.4891821669473 666 438 -0.0011942118332977773
56 SIMPLE_RADIAL 1332 876 1033.1216937899592 666 438 -0.00021342762528697677
57 SIMPLE_RADIAL 1332 876 1027.3092803341146 666 438 0.0002331577785679095
58 SIMPLE_RADIAL 1332 876 1029.4313740185385 666 438 -0.00061189423899792332
59 SIMPLE_RADIAL 1332 876 1029.7543882689845 666 438 -0.0032757981400447301
60 SIMPLE_RADIAL 1332 876 1029.7589497447213 666 438 -0.0014566644851343655
61 SIMPLE_RADIAL 1332 876 1032.6233049646526 666 438 0.0028413198461727518
62 SIMPLE_RADIAL 1332 876 1041.7112679425841 666 438 -0.0038033675671516613
63 SIMPLE_RADIAL 1332 876 1022.3223564046858 666 438 -0.0058109921861257876
64 SIMPLE_RADIAL 1332 876 1031.5268629712702 666 438 0.00077580742193757071
65 SIMPLE_RADIAL 1332 876 1071.3039740210363 666 438 -0.005254193440135389
66 SIMPLE_RADIAL 1332 876 1010.9885746711035 666 438 -0.0047788267940840207
67 SIMPLE_RADIAL 1332 876 1026.3802131120076 666 438 -0.0053468552398477443
68 SIMPLE_RADIAL 1332 876 1038.4574301023838 666 438 -0.0045972686389833782
69 SIMPLE_RADIAL 1332 876 1028.7285313828622 666 438 -0.0011314604475986341
70 SIMPLE_RADIAL 1332 876 1033.0658966134749 666 438 -0.0012336611991211272
71 SIMPLE_RADIAL 1332 876 1029.6477739760769 666 438 -0.0033830681457617156
72 SIMPLE_RADIAL 1332 876 1035.3386448354038 666 438 0.001105496403910761
73 SIMPLE_RADIAL 1332 876 1030.3027818509149 666 438 -0.00017110749767833007
74 SIMPLE_RADIAL 1332 876 1033.1164932732113 666 438 -0.0017503378645802113
75 SIMPLE_RADIAL 1332 876 1028.1592164043936 666 438 -0.0018299199144349906
76 SIMPLE_RADIAL 1332 876 1032.6046428062227 666 438 -0.00055132837541381431
77 SIMPLE_RADIAL 1332 876 1035.6169600641417 666 438 -0.00042256358566736019
78 SIMPLE_RADIAL 1332 876 1027.1442758537128 666 438 0.0019672236472358731
79 SIMPLE_RADIAL 1332 876 1035.0694498706914 666 438 -0.0022297351094260546
80 SIMPLE_RADIAL 1332 876 1032.5189030621423 666 438 -0.0017101376704567251
81 SIMPLE_RADIAL 1332 876 1032.3162596866446 666 438 -0.00054105318750642553
82 SIMPLE_RADIAL 1332 876 1036.0681167938117 666 438 0.0022190956738917965
83 SIMPLE_RADIAL 1332 876 1031.477237437482 666 438 -0.0044523299199803112
84 SIMPLE_RADIAL 1332 876 1035.3343046968439 666 438 0.0029868486755952918
85 SIMPLE_RADIAL 1332 876 1035.0385900982255 666 438 -0.0026986204730329788
86 SIMPLE_RADIAL 1332 876 1033.7667580222646 666 438 -0.00051256496700317639
87 SIMPLE_RADIAL 1332 876 1025.049944587555 666 438 -0.0056192024616224402
88 SIMPLE_RADIAL 1332 876 1029.4860122404718 666 438 -0.007711443125202104
89 SIMPLE_RADIAL 1332 876 1021.9464230668353 666 438 -0.00086094593059511974
90 SIMPLE_RADIAL 1332 876 1034.3314425509632 666 438 0.0018292888555741665
91 SIMPLE_RADIAL 1332 876 1021.1425414666808 666 438 -0.0055178558663014302
92 SIMPLE_RADIAL 1332 876 1029.9680767921225 666 438 -0.00067978638434269812
93 SIMPLE_RADIAL 1332 876 1031.1362517032758 666 438 0.006052788833378178
94 SIMPLE_RADIAL 1332 876 1024.1541221013485 666 438 -0.0019168452142175449
95 SIMPLE_RADIAL 1332 876 1021.8007542031743 666 438 -0.0061182663716414553
96 SIMPLE_RADIAL 1332 876 1022.0739647640055 666 438 -0.0025380746492989097
97 SIMPLE_RADIAL 1332 876 1025.1180698534433 666 438 -0.0075734197964453477
98 SIMPLE_RADIAL 1332 876 1031.0591810547091 666 438 0.0020111374876009701
99 SIMPLE_RADIAL 1332 876 1029.4095467909128 666 438 0.0020159132931725689
100 SIMPLE_RADIAL 1332 876 1026.0493529211899 666 438 -0.006000708343549638
101 SIMPLE_RADIAL 1332 876 1033.1138862810456 666 438 0.0025260502322650077
102 SIMPLE_RADIAL 1332 876 1031.078087444062 666 438 0.0050592787461650407
103 SIMPLE_RADIAL 1332 876 1823.2649410956255 666 438 -0.027289429981814509
104 SIMPLE_RADIAL 1332 876 1023.9408243660316 666 438 -0.014528040293642585
105 SIMPLE_RADIAL 1332 876 1026.5235213380329 666 438 0.00630815551635505
106 SIMPLE_RADIAL 1332 876 1029.1630989673279 666 438 -0.003607235570982136
107 SIMPLE_RADIAL 1332 876 1028.3532354412293 666 438 -0.006907266245191555
108 SIMPLE_RADIAL 1332 876 1026.2256670667937 666 438 0.0020410128615683653
109 SIMPLE_RADIAL 1332 876 1028.7490290326102 666 438 -0.0018347816975697667
110 SIMPLE_RADIAL 1332 876 1028.3216399751404 666 438 0.0024798595034648441
111 SIMPLE_RADIAL 1332 876 1030.0875200579569 666 438 -0.0029911051863521633
112 SIMPLE_RADIAL 1332 876 1061.1658769356097 666 438 -0.0088855407139658161
113 SIMPLE_RADIAL 1332 876 1032.9273402458716 666 438 -0.001795398922353094
114 SIMPLE_RADIAL 1332 876 1032.8384235799767 666 438 -0.00041461035158578364
115 SIMPLE_RADIAL 1332 876 1030.6887515823821 666 438 0.0028516031570702464
116 SIMPLE_RADIAL 1332 876 1033.4353484350372 666 438 -0.00051184800113672707
117 SIMPLE_RADIAL 1332 876 1027.8527397828655 666 438 -0.004555939022544162
118 SIMPLE_RADIAL 1332 876 1021.8003335931927 666 438 -0.0012897720531475571
119 SIMPLE_RADIAL 1332 876 1039.930592360075 666 438 0.0069514266268046214
120 SIMPLE_RADIAL 1332 876 1038.9682290892454 666 438 0.010662674212431621
121 SIMPLE_RADIAL 1332 876 1032.2723341043891 666 438 -0.0035719547816352253
122 SIMPLE_RADIAL 1332 876 1030.7418649966196 666 438 -0.00020639237316906063
123 SIMPLE_RADIAL 1332 876 1022.2227734455407 666 438 -0.0090737808690622215
124 SIMPLE_RADIAL 1332 876 1033.1284987291565 666 438 -0.002209328512135296
125 SIMPLE_RADIAL 1332 876 1026.6865232338153 666 438 -0.0050179189620861856
126 SIMPLE_RADIAL 1332 876 1004.7078795387108 666 438 -0.022370269070262051
127 SIMPLE_RADIAL 1332 876 1030.4343475345672 666 438 0.00062250289468373024
128 SIMPLE_RADIAL 1332 876 1022.0087454791102 666 438 -0.009073341944604435
129 SIMPLE_RADIAL 1332 876 1030.209626157183 666 438 -0.0069228188138728526
130 SIMPLE_RADIAL 1332 876 1027.0900849433626 666 438 0.0023155327566767988
131 SIMPLE_RADIAL 1332 876 1032.7651947467753 666 438 -0.002406015042313879
132 SIMPLE_RADIAL 1332 876 1033.4413177530573 666 438 0.0014781733036268359
133 SIMPLE_RADIAL 1332 876 1029.3229565542235 666 438 -0.0007355089073727369
134 SIMPLE_RADIAL 1332 876 1025.3572552372029 666 438 -0.0010925932386644591
135 SIMPLE_RADIAL 1332 876 1028.0453270455223 666 438 -0.00084283577356722786
136 SIMPLE_RADIAL 1332 876 1025.1270538042927 666 438 -0.0058327347421678853
137 SIMPLE_RADIAL 1332 876 1030.8527696504445 666 438 0.0040240405339500651
138 SIMPLE_RADIAL 1332 876 1028.4802606061305 666 438 -0.0019975078840939109
139 SIMPLE_RADIAL 1332 876 1033.4896750539299 666 438 -0.0013221753131880886
140 SIMPLE_RADIAL 1332 876 1027.4103997281643 666 438 -0.0041910695197836531
141 SIMPLE_RADIAL 1332 876 1263.1044991718029 666 438 -0.011766939207301864
142 SIMPLE_RADIAL 1332 876 1031.5992982253506 666 438 -0.00098304037687894311
143 SIMPLE_RADIAL 1332 876 1031.0846554086365 666 438 -0.00048589644386680148
144 SIMPLE_RADIAL 1332 876 1035.5754931405763 666 438 0.00080599230522527317
145 SIMPLE_RADIAL 1332 876 1041.3347577022648 666 438 -0.0026661976367330317
146 SIMPLE_RADIAL 1332 876 1035.3055468669297 666 438 -0.0045217883291009987
147 SIMPLE_RADIAL 1332 876 1032.9771152117403 666 438 -0.0012373492694513352
148 SIMPLE_RADIAL 1332 876 1023.6711448378106 666 438 -0.0041498446582826261
149 SIMPLE_RADIAL 1332 876 1028.2628645998052 666 438 -0.0038231558221866434
150 SIMPLE_RADIAL 1332 876 1038.011952690809 666 438 -0.0074008999619100489
151 SIMPLE_RADIAL 1332 876 1039.0711644427254 666 438 -0.0060047269767334903
152 SIMPLE_RADIAL 1332 876 1031.2773383411306 666 438 -0.0031317458337083394
153 SIMPLE_RADIAL 1332 876 1035.0157501039644 666 438 0.0024738558040064856
154 SIMPLE_RADIAL 1332 876 1032.6376169590603 666 438 -0.0030958229143949623
155 SIMPLE_RADIAL 1332 876 1037.4808235951812 666 438 0.00043255477993886548
156 SIMPLE_RADIAL 1332 876 1092.702394367036 666 438 -0.0095281209265721568
157 SIMPLE_RADIAL 1332 876 1031.8456609678335 666 438 -0.0017785130396549963
158 SIMPLE_RADIAL 1332 876 1033.5123974593866 666 438 0.0039845888003196611
159 SIMPLE_RADIAL 1332 876 1038.7029207787425 666 438 0.0020800320475745206
160 SIMPLE_RADIAL 1332 876 1037.5312118516592 666 438 0.0072326801714478681
161 SIMPLE_RADIAL 1332 876 1017.0277442345404 666 438 -0.0064206238415335879
162 SIMPLE_RADIAL 1332 876 1033.3678158721293 666 438 0.0016110388762400635
163 SIMPLE_RADIAL 1332 876 1031.4484027139986 666 438 0.0034782241242499643
164 SIMPLE_RADIAL 1332 876 1037.7152057649637 666 438 -0.00049359952641003454
165 SIMPLE_RADIAL 1332 876 1037.5516770398372 666 438 0.00094727328459865562
166 SIMPLE_RADIAL 1332 876 1030.0146206165173 666 438 -0.0071725263379134032
167 SIMPLE_RADIAL 1332 876 1028.3144632898268 666 438 -0.0055769322537593874
168 SIMPLE_RADIAL 1332 876 1032.5903478548694 666 438 -0.0044871409508356573
169 SIMPLE_RADIAL 1332 876 1030.2779674489711 666 438 -0.0044604479179976781
170 SIMPLE_RADIAL 1332 876 1024.0716497945107 666 438 -0.0036761201098932769
171 SIMPLE_RADIAL 1332 876 1035.3275111249675 666 438 -0.0029859643768663058
172 SIMPLE_RADIAL 1332 876 1035.6828856207892 666 438 -0.0011940960306738005
173 SIMPLE_RADIAL 1332 876 1030.7293962060121 666 438 -0.010626822993409035
174 SIMPLE_RADIAL 1332 876 1035.7740073432979 666 438 0.0011380000578947061
175 SIMPLE_RADIAL 1332 876 1032.8215681366876 666 438 -0.00093201422856708735
176 SIMPLE_RADIAL 1332 876 1037.877987556436 666 438 0.0034998088473810569
177 SIMPLE_RADIAL 1332 876 1041.3549007283846 666 438 0.00229783266578368
178 SIMPLE_RADIAL 1332 876 1046.2474556321804 666 438 0.0034787632652439802
179 SIMPLE_RADIAL 1332 876 1074.2299770328364 666 438 0.025551648957389247
180 SIMPLE_RADIAL 1332 876 1050.495329271957 666 438 0.007108634966688487
181 SIMPLE_RADIAL 1332 876 1038.2494376040545 666 438 0.0040852236977892203
182 SIMPLE_RADIAL 1332 876 1034.9964168485003 666 438 -0.00028641037872078966
183 SIMPLE_RADIAL 1332 876 1027.8491740839472 666 438 -0.0082127299279866478
184 SIMPLE_RADIAL 1332 876 1029.437591877529 666 438 -0.0050542180619013409
185 SIMPLE_RADIAL 1332 876 1037.8042177688171 666 438 -0.0043761726907438868
186 SIMPLE_RADIAL 1332 876 1031.3799393100312 666 438 0.00090992662938249689
187 SIMPLE_RADIAL 1332 876 1030.9742775411455 666 438 0.00060245445247788935
188 SIMPLE_RADIAL 1332 876 1030.809007673435 666 438 -0.0088167190305246911
189 SIMPLE_RADIAL 1332 876 1039.3056076074938 666 438 0.0029156646032327295
190 SIMPLE_RADIAL 1332 876 1037.5295349275318 666 438 -0.0040330226216335778
191 SIMPLE_RADIAL 1332 876 1035.2939077378348 666 438 0.0028792651604224793
192 SIMPLE_RADIAL 1332 876 1029.3005540768875 666 438 -0.00058566124492689811
193 SIMPLE_RADIAL 1332 876 1029.1633824034579 666 438 -0.0037588217532468966
194 SIMPLE_RADIAL 1332 876 1030.7260010133577 666 438 -0.0055943619519415221
195 SIMPLE_RADIAL 1332 876 1034.3435176932021 666 438 -0.00031054816105828049
196 SIMPLE_RADIAL 1332 876 1031.3617252675499 666 438 -0.0028350523868251785
197 SIMPLE_RADIAL 1332 876 1034.9101452203704 666 438 0.001212505490994793
198 SIMPLE_RADIAL 1332 876 1026.8993556013957 666 438 -0.0050624833533159915
199 SIMPLE_RADIAL 1332 876 1031.1366665110754 666 438 -0.00056263618741440305
200 SIMPLE_RADIAL 1332 876 1030.3356322411323 666 438 -0.0042514793392422357
201 SIMPLE_RADIAL 1332 876 1038.2414861554507 666 438 0.0045965104985984731
202 SIMPLE_RADIAL 1332 876 1031.0915028922245 666 438 -0.0069978283128653207
203 SIMPLE_RADIAL 1332 876 1028.4408696421485 666 438 -0.0068561815990252429
204 SIMPLE_RADIAL 1332 876 1030.8210020499062 666 438 -0.012658399727617264
205 SIMPLE_RADIAL 1332 876 1019.50049201018 666 438 -0.0012380971874289077
206 SIMPLE_RADIAL 1332 876 1027.3608545802219 666 438 -0.014515134162445006
207 SIMPLE_RADIAL 1332 876 1020.8630606484371 666 438 -0.016296796908745328
208 SIMPLE_RADIAL 1332 876 1042.7650977546664 666 438 -0.014811181842007541
209 SIMPLE_RADIAL 1332 876 1043.8142529322217 666 438 0.0054187701939290263
210 SIMPLE_RADIAL 1332 876 1034.9621957178406 666 438 0.0038809682882641285
211 SIMPLE_RADIAL 1332 876 1037.539295334486 666 438 0.00094211072689973161
212 SIMPLE_RADIAL 1332 876 1044.6510570744256 666 438 0.0020615577260538723
213 SIMPLE_RADIAL 1332 876 1034.4254219472782 666 438 -0.0018133880019752804
214 SIMPLE_RADIAL 1332 876 1019.3846328574346 666 438 -0.0020339465244344616
215 SIMPLE_RADIAL 1332 876 1033.7099317602078 666 438 -0.0065465076269382114
216 SIMPLE_RADIAL 1332 876 1038.2644845756774 666 438 -0.0039326522310986246
217 SIMPLE_RADIAL 1332 876 1036.9483975118487 666 438 -0.0052365414050611148
218 SIMPLE_RADIAL 1332 876 1031.9824682973092 666 438 0.0022692120641268987
219 SIMPLE_RADIAL 1332 876 1037.7801950279529 666 438 -0.0035960215432706516
220 SIMPLE_RADIAL 1332 876 1034.7501266981283 666 438 -0.0072482228358110006
221 SIMPLE_RADIAL 1332 876 1209.4918478617747 666 438 -0.015508966549570987
222 SIMPLE_RADIAL 1332 876 1046.3047642550905 666 438 0.0045064594884112437
223 SIMPLE_RADIAL 1332 876 1045.3818667436597 666 438 0.0031754673049632278
224 SIMPLE_RADIAL 1332 876 1044.6674858258557 666 438 0.0028198213139901825
225 SIMPLE_RADIAL 1332 876 1043.9068879374047 666 438 0.0021240839671152708
226 SIMPLE_RADIAL 1332 876 1049.6152335980951 666 438 0.0064881176126717092
227 SIMPLE_RADIAL 1332 876 1042.1118402826767 666 438 0.0028179380632467033
228 SIMPLE_RADIAL 1332 876 1046.1054476128604 666 438 0.0022685048885958516
229 SIMPLE_RADIAL 1332 876 1047.8624835899309 666 438 0.0033543132987193438
230 SIMPLE_RADIAL 1332 876 1043.2078190614288 666 438 0.0057266039277015955
231 SIMPLE_RADIAL 1332 876 1051.3062672571239 666 438 0.0057450371292559477
232 SIMPLE_RADIAL 1332 876 1044.8537860866113 666 438 0.0035779421954465571
233 SIMPLE_RADIAL 1332 876 1050.2197364587594 666 438 0.0056813232359025981
234 SIMPLE_RADIAL 1332 876 1045.7877966842084 666 438 0.0039576465147745394
235 SIMPLE_RADIAL 1332 876 1050.2595384698145 666 438 0.008087976008729441
236 SIMPLE_RADIAL 1332 876 1052.3832955517648 666 438 0.0060453055033320583
237 SIMPLE_RADIAL 1332 876 1048.7193462747791 666 438 0.0072882936553713045
238 SIMPLE_RADIAL 1332 876 1057.478893470181 666 438 0.007095693951685922
239 SIMPLE_RADIAL 1332 876 1044.2256204408329 666 438 0.002753069742957128
240 SIMPLE_RADIAL 1332 876 1040.7715142921149 666 438 0.0023977563813765311
241 SIMPLE_RADIAL 1332 876 1041.4590656482492 666 438 0.0018936174279023607
242 SIMPLE_RADIAL 1332 876 1063.9157967744188 666 438 0.0056564624425148417
243 SIMPLE_RADIAL 1332 876 1045.4230993610681 666 438 0.001914316814025105
244 SIMPLE_RADIAL 1332 876 1049.8502076329023 666 438 0.0093907424158931885
245 SIMPLE_RADIAL 1332 876 1049.694183708491 666 438 0.0034263694234987138
246 SIMPLE_RADIAL 1332 876 1057.9863391563363 666 438 0.0076563137821454696
247 SIMPLE_RADIAL 1332 876 1057.3286771382332 666 438 0.011126387490730485
248 SIMPLE_RADIAL 1332 876 1050.1333521349507 666 438 0.0051617842915206383
249 SIMPLE_RADIAL 1332 876 1054.436224220382 666 438 0.0059832587490883521
250 SIMPLE_RADIAL 1332 876 1056.0800403890728 666 438 0.0096962969580105477
251 SIMPLE_RADIAL 1332 876 1056.4670132680801 666 438 0.0050706200452458189
252 SIMPLE_RADIAL 1332 876 1053.1911191097688 666 438 0.0030192440321572546
253 SIMPLE_RADIAL 1332 876 1054.5513751463586 666 438 0.0075610508384028798
254 SIMPLE_RADIAL 1332 876 1053.9300281971466 666 438 0.0073599871128993801
255 SIMPLE_RADIAL 1332 876 1047.8614843996227 666 438 0.0053335844098212921
256 SIMPLE_RADIAL 1332 876 1056.8162812349285 666 438 0.011914272693907709
257 SIMPLE_RADIAL 1332 876 1055.0533192058624 666 438 0.0086856398991873186
258 SIMPLE_RADIAL 1332 876 1059.3383953965636 666 438 0.0063327470956319092
259 SIMPLE_RADIAL 1332 876 1054.9924212406136 666 438 0.0064899978895378938
260 SIMPLE_RADIAL 1332 876 1053.7562258270473 666 438 0.0084020212388305742
261 SIMPLE_RADIAL 1332 876 1058.3019550937863 666 438 0.0064008976179096184
262 SIMPLE_RADIAL 1332 876 1060.9905150081613 666 438 0.0072859526183860742
263 SIMPLE_RADIAL 1332 876 1053.2021096537537 666 438 0.0048375773698333385
